101 V_Froholdt 19 CM 75 74 81 78 71 71 79
102 F_Thauvin 32 RW 79 82 82 83 48 65 81
103 Mateus_Fernandes 20 CM 77 78 79 79 75 83 79
104 R_Risser 20 GK 80 76 78 81 45 79 78
105 João_Pedro 23 ST 84 81 76 83 42 78 82
106 E_Lepaul 25 ST 75 80 71 75 35 74 79
107 S_El_Mala 18 CM 81 77 71 76 32 69 76
108 M_Sangaré 23 CM 72 68 80 83 82 78 80
109 Michael_Olise 23 CM 81 83 86 91 51 70 89
110 Kylian_Mbappé 26 ST 97 90 81 92 36 76 91
111 J_Brandt 29 CAM 79 84 89 88 50 67 86
112 E_Dina_Ebimbe 24 RB 87 75 76 81 68 80 81
113 J_Gittens 20 LW 89 74 71 85 36 55 80
114 J_Bakayoko 22 RW 88 77 75 84 32 67 82
115 A_Bernabé 23 CM 79 74 81 83 67 65 81
116 T_Almada 25 CAM 85 78 79 84 53 66 81
117 Alan_Varela 23 CDM 71 65 79 78 79 82 81
118 C_McTominay 28 CM 70 80 76 77 77 84 81
119 Vitinha 26 ST 84 79 72 78 35 74 79
120 R_Lavia 22 CDM 70 56 75 78 74 73 78
